100564889 1 5
1073741824 0 1
457 0 0
955 0 2
2048 11 2
2048 11 1
2138 0 0
1168113574 0 0
2 0 11
2097152 0 10
1073741824 0 1
1048576 0 11
2097152 0 10
536870912 0 2
1073741824 30 20
1048576 0 1
2097152 0 0
536870912 29 20
1073741824 30 21
1048576 0 2
2097152 0 1
536870912 0 1
1073741824 0 0
1048576 0 10
2097152 0 9
536870912 0 1
1024 0 0
1 0 0
2 0 0
512 0 0
1024 0 0
1 0 0
2 0 0
512 0 0
1024 0 0
1 0 0
2 0 0
512 0 0
1024 0 0
1 0 0
2 0 0
512 0 0
2048 0 1
2 0 11
4 0 10
1024 0 2
2048 11 1
2 0 1
4 0 0
1024 10 1
2048 11 2
2 0 2
4 0 1
1024 0 1
2048 0 0
2 0 10
4 0 9
1024 0 1
4 0 0
5 0 0
1049597 9 19
1050615 8 18
2099195 9 18
4190207 0 9
2101231 8 17
4186111 0 9
