1048575 1023 89
1048576 1024 1024
1 997 457
2 997 457
2 2 1024
2 1 1024
2 557 1024
1048576 557 1024
2 1024 1
1048576 1024 2
1048576 1024 1024
1048576 1024 1
1048576 1024 2
1048576 1024 512
1048576 1 1024
1048576 1 1
1048576 1 2
1048576 1 512
1048576 2 1024
1048576 2 1
1048576 2 2
1048576 512 512
1048576 512 1024
1048576 512 1
1048576 512 2
1048576 512 512
1 1024 1024
1 1024 1
1 1024 2
1 1024 512
1 1 1024
1 1 1
1 1 2
1 1 512
1 2 1024
1 2 1
1 2 2
1 512 512
1 512 1024
1 512 1
1 512 2
1 512 512
2 1024 1024
2 1024 1
2 1024 2
2 1024 512
2 1 1024
2 1 1
2 1 2
2 1 512
2 2 1024
2 2 1
2 2 2
2 512 512
2 512 1024
2 512 1
2 512 2
2 512 512
1 1 4
1 2 5
1048576 1023 1
1048576 1022 1
1048576 1023 2
1048576 1023 3
1048576 1022 2
1048576 1022 3
